   1.0000000e+00   0.0000000e+00  -0.0000000e+00   
   0.0000000e+00   1.0000000e+00  -0.0000000e+00   
   0.0000000e+00   0.0000000e+00  -1.0000000e+00   
  -4.2400272e-02  -1.1460074e-01   9.9250637e-01   
   1.7490932e-01  -2.0051068e-01   9.6395135e-01
   2.3229035e-01  -1.6259325e-01   9.5896018e-01
   3.6751955e-01   2.6101388e-02   9.2964945e-01
   1.9019152e-01   3.7438331e-01   9.0755954e-01
  -1.1679919e-01   8.3339423e-01   5.4019626e-01  
  -2.0048906e-01   2.5268622e-01   9.4654837e-01   
  -4.9578218e-01   1.3449517e-01   8.5796916e-01   
  -1.4100053e-02  -6.2810238e-01   7.7800295e-01   
  -7.4449004e-01  -1.4769802e-01   6.5109129e-01   
  -7.6087738e-01   3.2039047e-01   5.6428322e-01   
  -1.8089214e-01   9.2465982e-01   3.3508544e-01   
  -6.7962786e-01  -4.2241732e-01   5.9972459e-01   
   7.7710010e-01   4.7070006e-01   4.1780005e-01   
   9.2416216e-01  -1.0359576e-01   3.6768495e-01   
   4.6848504e-01  -7.6737550e-01   4.3778602e-01   
   8.8168844e-01  -1.8929752e-01   4.3219433e-01   
   6.9040407e-01   7.0620416e-01   1.5690092e-01   
   2.3909603e-01   7.5708742e-01   6.0798990e-01   
  -5.7799751e-02   9.8369576e-01  -1.7029927e-01   
  -5.3677324e-01   8.3605832e-01   1.1349434e-01   
  -9.9178759e-01  -1.2069849e-01   4.2299471e-02   
  -9.9676339e-01   7.0897396e-02   3.7898608e-02   
  -8.7242472e-01   4.7811355e-01   1.0140287e-01   
  -2.4871374e-01   9.3355156e-01  -2.5811425e-01   
   1.1829533e-01   9.9186087e-01   4.7098142e-02   
   3.3759810e-01   8.4149527e-01  -4.2179763e-01   
   5.2858508e-01   8.4087626e-01  -1.1629672e-01   
   9.9685264e-01   5.4997387e-02   5.7097287e-02   
   0.0000000e+00   0.0000000e+00  -0.0000000e+00   
   1.0000000e+02   1.0000000e+02  -1.0000000e+02   
